2,129302859,14888,61469081,0
2,129303737,14171,54479940,0
2,129304607,13402,41320401,0
2,129305653,19333,32483254,0
2,129306337,18885,37931786,0
2,129307189,18049,61513469,0
2,129307831,17426,908670,0
2,129308659,30083,14228855,0
2,129309393,29367,20588320,0
2,129310204,28671,52597458,0
2,129310921,27970,42419601,0
2,129311429,27497,35574355,0
2,129312092,27039,59834501,0
2,129312751,26765,24071621,0
2,129313506,26255,811787,0
2,129314369,25408,47044868,0
2,129315007,24788,50382210,0
2,129315595,24217,30789439,0
2,129316341,23488,48503491,0
2,129316935,22911,37563741,0
2,129318218,21844,11676780,0
2,129319029,21111,31204020,0
2,129319712,20632,22096601,0
2,129320373,20079,31700943,0
2,129321031,19434,29330843,0
2,129321845,18773,2859611,0
2,129322463,18170,53102163,0
2,129323166,17485,10879912,0
2,129323709,17031,50483903,0
2,129324311,16556,6773230,0
2,129325541,15339,60758845,0
2,129326157,14743,25200831,0
2,129326850,14069,38102912,0
2,129327661,13603,58641166,0
2,129328381,19953,60636425,0
2,129329078,19273,17907019,0
2,129329671,18788,27861591,0
2,129330262,18212,44136208,0
2,129330851,17641,53046833,0
2,129331489,17130,10345290,0
2,129332323,16312,59182693,0
2,129333002,15683,53325425,0
2,129333703,14996,62289007,0
2,129334283,14434,36300403,0
2,129334927,13808,56907308,0
2,129335544,13439,33358398,0
2,129336119,19760,6175763,0
2,129336822,19074,46971786,0
2,129337432,18572,36180695,0
2,129338040,17979,12803788,0
2,129341329,14710,56673784,0
2,129342108,14041,39051308,0
2,129342770,13394,2149043,0
2,129343532,19638,28712328,0
2,129344220,19091,9394004,0
2,129344959,18368,34839001,0
2,129345726,17619,27095009,0
2,129346327,17035,46775364,0
2,129346943,16544,27840513,0
2,129347576,15925,14312352,0
2,129349047,14694,3275194,0
2,129349871,14056,49324512,0
2,129350443,13498,52635241,0
2,129351049,20014,57590105,0
2,129351719,19361,20233261,0
2,129352363,18829,16037256,0
2,129353106,18101,49135219,0
2,129353785,17439,6387177,0
2,129354467,16950,49654874,0
2,129355248,23132,9452591,0
2,129356311,22085,6380897,0
2,129356996,21513,55339890,0
2,129357638,20886,25421762,0
2,129358249,20292,1468651,0
2,129358934,19809,39402771,0
2,129359604,19153,28348895,0
2,129360128,18649,24099505,0
2,129360914,17878,30762512,0
2,129361749,17061,24257904,0
2,129362429,16395,13132423,0
2,129364202,14642,51543916,0
2,129364791,14290,51921686,0
2,129365506,13588,21690107,0
2,129366212,19819,45552043,0
2,129367007,19041,49998052,0
2,129367635,18523,50994676,0
2,129368383,17791,21638888,0
2,129369075,17117,45428577,0
2,129369759,16672,22693261,0
2,129370446,16000,32717366,0
2,129371500,14963,15334847,0
2,129372224,14257,53238908,0
2,129373016,13483,36279112,0
2,129373530,20171,21483325,0
2,129374239,19494,8334460,0
2,129374802,19039,16031564,0
2,129375520,18337,53584095,0
2,129376147,17729,51406497,0
2,129376909,17193,25622571,0
2,129377707,16410,7887613,0
2,129379429,14708,3889257,0
2,129380291,13862,19938396,0
2,129380975,20396,4715920,0
2,129381609,19778,9475869,0
2,129382383,19116,4221610,0
2,129382960,18553,59785229,0
2,129383601,17930,32960983,0
2,129384123,17554,16764371,0
2,129384699,16993,46417479,0
2,129385357,16352,18703727,0
2,129386889,14837,19750057,0
2,129387738,14004,60131767,0
2,129388353,13405,9029217,0
2,129389067,20320,46944513,0
2,129389746,19656,8550769,0
2,129390414,19099,29100728,0
2,129391094,18434,30332364,0
2,129391680,17865,22353977,0
2,129392284,17405,59392115,0
2,129393067,16635,25492194,0
2,129394218,15724,9418825,0
2,129395042,15115,12623470,0
2,129395834,14338,48155997,0
2,129396551,13637,37532454,0
2,129397191,20578,12042402,0
2,129397859,19926,57177191,0
2,129398627,19272,32131247,0
2,129399325,25427,25590507,0
2,129399914,24857,9456884,0
2,129400765,24112,10225087,0
2,129402269,22624,31923844,0
2,129403052,21859,2924440,0
2,129403719,21329,60276995,0
2,129404302,20846,52921418,0
2,129405036,20591,353776,0
2,129405691,19949,39653012,0
2,129406460,19509,58199941,0
2,129407179,19188,30098840,0
2,129407844,18538,17212851,0
2,129408869,17531,31310973,0
2,129410483,15933,19483029,0
2,129411663,14994,2003556,0
2,129412471,14202,46868933,0
2,129413101,13686,59633206,0
2,129413691,20554,37791858,0
2,129414207,20177,25846961,0
2,129414891,19508,46170331,0
2,129415663,18836,8185842,0
2,129416516,18000,20520318,0
2,129417147,17432,31236303,0
2,129418101,16494,55893411,0
2,129418815,15799,28954062,0
2,129419560,15069,57139020,0
2,129420243,14623,47535193,0
2,129420913,13969,21196376,0
2,129421546,13355,43645338,0
2,129422212,19749,60466961,0
2,129422904,19074,27751718,0
2,129423384,18701,53391598,0
2,129424167,17934,8541787,0
2,129426895,15222,50637014,0
2,129427801,14468,48358767,0
2,129428464,13820,3911657,0
2,129429267,20615,17922134,0
2,129429887,20012,7181428,0
2,129430662,19344,42261784,0
2,129431437,18585,51199196,0
2,129432163,17876,17410021,0
2,129432867,17320,40814387,0
2,129433618,16601,7042905,0
2,129435123,15112,56059189,0
2,129435694,14557,18401767,0
1,129436399,13871,9418608,0
1,129436988,13591,49842313,0
1,129437808,20424,49100404,0
2,129438517,19732,55541789,0
1,129439116,19241,8788348,0
2,129439812,18561,4630055,0
1,129440624,17767,31072676,0
2,129441334,17209,11139141,0
1,129442822,15735,30715323,0
2,129443653,14924,55978499,0
1,129444486,14109,57929861,0
2,129445033,13579,27098757,0
1,129445522,13427,2539759,0
2,129446295,20249,47136982,0
2,129447185,19509,13237230,0
2,129447912,18796,44297725,0
2,129448683,18122,59329451,0
2,129449288,17534,56248621,0
2,129451139,15749,29517209,0
2,129451879,15025,41056153,0
2,129452675,14559,61734763,0
1,129453449,13989,60413463,0
2,129454113,13340,1226317,0
2,129454843,19855,41322847,0
2,129455380,19333,7697636,0
2,129456029,18795,28496668,0
2,129456791,18050,13594117,0
2,129457528,17330,24173609,0
2,129459474,15582,29721334,0
2,129460427,14679,7107079,0
2,129461139,13982,56219244,0
2,129461741,13398,3489192,0
2,129462430,19930,44615175,0
2,129462995,19381,45305636,0
2,129463567,18921,29443456,0
2,129464361,18144,4452017,0
2,129465191,17334,189799,0
2,129465782,16940,21353739,0
2,129467701,30074,61664934,0
2,129468409,29644,45094703,0
2,129469054,29014,1383253,0
2,129469915,28246,29170272,0
2,129470540,35700,16445105,0
2,129471189,35068,45844546,0
2,129471833,34533,43170305,0
2,129472373,34008,52046086,0
2,129473127,33271,1894306,0
2,129474020,32566,49356527,0
2,129475460,31141,49549149,0
2,129476277,30341,58335260,0
2,129476857,29780,26060382,0
2,129477534,29120,15728586,0
2,129478199,28845,10045086,0
2,129478771,28517,60736826,0
2,129479424,27896,11338779,0
2,129480053,27644,57035209,0
2,129480955,26989,17918362,0
2,129481607,26552,12136574,0
2,129483043,25131,18876151,0
2,129484078,24114,8142485,0
2,129484955,23254,2384922,0
2,129485621,22604,2780867,0
2,129486335,22250,38980185,0
2,129487104,21497,20271036,0
2,129487771,20847,10333655,0
2,129488328,20308,47120756,0
2,129488845,19805,59127211,0
2,129489510,19159,49805464,0
2,129490439,18244,45357142,0
2,129491104,17597,18114460,0
2,129491739,16980,4486231,0
2,129492655,16079,20881869,0
2,129493267,15485,26664228,0
2,129494183,14584,58514565,0
2,129494974,13835,56115942,0
2,129495643,20423,10775808,0
2,129496288,19794,16601230,0
2,129496947,19253,59267855,0
2,129498700,17516,56726726,0
2,129499727,16506,37763453,0
2,129500459,15905,39586841,0
2,129501279,15100,51378799,0
2,129502025,14372,33338552,0
2,129502635,13780,17228447,0
2,129503209,19796,8733331,0
2,129504067,18955,18911511,0
2,129504753,18288,6210926,0
2,129505509,17597,12979661,0
2,129509091,14032,13425506,0
2,129509634,13601,51647646,0
2,129510377,20615,21427337,0
2,129511057,19950,25682184,0
2,129511635,19491,22694843,0
2,129512184,18957,59919673,0
2,129512955,18203,28342114,0
2,129513595,17789,57187829,0
2,129514507,16892,43403361,0
2,129515315,16101,49303722,0
2,129516697,14738,20715240,0
2,129517304,14151,27730726,0
2,129517879,13713,11357544,0
2,129518282,13342,50439779,0
2,129519215,20121,62335392,0
2,129519832,26557,56266080,0
2,129520363,26042,42181283,0
2,129521132,25382,12607751,0
2,129521763,24766,15643102,0
2,129522335,24210,57701310,0
2,129523795,22977,2126262,0
2,129524474,22315,29366770,0
2,129525227,21579,37731156,0
2,129525959,20865,55634155,0
2,129526786,20055,17155811,0
2,129527454,19600,2055763,0
2,129528180,19290,36264283,0
2,129529069,18640,24968420,0
2,129529700,18023,32090597,0
2,129530309,17432,53847242,0
2,129532295,15464,10249656,0
2,129533167,14610,59243866,0
2,129533753,14153,5050780,0
2,129534476,13448,13326762,0
2,129535175,20449,42625133,0
2,129535879,19759,35512037,0
2,129536475,19278,41145961,0
2,129537245,18523,17619683,0
2,129537853,17932,17982023,0
2,129538533,17411,61041208,0
2,129539475,16485,7091734,0
2,129540260,15734,48465888,0
2,129540826,15183,37352702,0
2,129541509,14517,9493138,0
2,129542291,20688,43629904,0
2,129542839,20155,26834674,0
2,129543547,19560,6506150,0
2,129544249,18873,45224572,0
2,129544955,18184,23904737,0
2,129545571,17762,1721243,0
2,129548235,15112,739600,0
2,129549024,14610,39649988,0
2,129549670,21559,39592516,0
2,129550323,20922,54297638,0
2,129550904,20453,2701368,0
2,129551784,19589,61383156,0
2,129552482,18907,23418775,0
2,129553469,18069,59093934,0
2,129554165,17389,59655855,0
2,129554900,16669,57234852,0
2,129556093,15496,51240113,0
2,129556831,14965,52878662,0
2,129557752,14058,2362100,0
2,129558443,13384,35071216,0
2,129559157,19765,5464700,0
2,129559756,19182,4548800,0
2,129560395,18654,5469967,0
2,129560991,18073,7745682,0
2,129561657,17423,38245101,0
2,129562340,17040,42860443,0
2,129564136,15487,5701993,0
2,129564855,14783,37666836,0
2,129565535,14121,722768,0
2,129566230,13444,59261912,0
2,129567106,19746,45194429,0
2,129567838,19030,58977396,0
2,129568480,18496,22543564,0
2,129569155,17836,42536365,0
2,129569779,17229,5466741,0
2,129570484,16845,39266478,0
2,129572096,15501,8244609,0
2,129572765,15111,31212029,0
2,129573405,14484,26197062,0
2,129573944,14268,50295189,0
2,129574745,13480,13651258,0
2,129575374,21022,30981859,0
2,129575984,20430,17623453,0
2,129576599,19926,38676537,0
2,129577487,19054,22780603,0
2,129578212,18347,15424247,0
2,129580140,16646,36556259,0
2,129580766,16035,51138592,0
2,129581351,15468,61036220,0
2,129581857,14982,21934358,0
2,129582660,14196,22285946,0
2,129583438,13435,25766019,0
2,129584229,19490,1189358,0
2,129584904,18830,20331820,0
2,129585583,18265,44650668,0
2,129586225,17638,4955905,0
2,129588945,14936,57261643,0
2,129589927,14102,13960790,0
2,129590956,20307,448670,0
2,129591788,19492,30659044,0
2,129592407,18982,6491111,0
2,129592998,18407,20443561,0
2,129593627,17796,48651557,0
2,129594255,17278,32950744,0
2,129594838,16710,59544805,0
2,129595569,16038,6801449,0
2,129597274,14422,754591,0
2,129597879,13833,56789866,0
2,129598520,20321,38970068,0
2,129599067,19790,21969156,0
2,129599864,19101,23463097,0
2,129600503,18478,54165812,0
2,129601195,17802,7864326,0
2,129601761,17413,13228639,0
2,129602345,16844,16475369,0
2,129603018,16187,35043848,0
2,129604289,14935,25743172,0
2,129605151,14369,8128735,0
2,129605707,13829,49477974,0
2,129606576,19905,80970,0
2,129607255,19243,58186355,0
2,129607939,18668,15597547,0
2,129608504,18117,8235285,0
2,129609046,17594,29749286,0
2,129609791,17088,34026992,0
2,129610551,16345,35102622,0
2,129611877,15036,26590996,0
2,129612622,14309,60269517,0
2,129613403,13675,15278357,0
2,129614149,19783,3624796,0
2,129614891,19056,62774838,0
2,129615575,18484,59930859,0
2,129616184,17892,25753273,0
2,129616871,17222,25993159,0
2,129617424,16895,53379857,0
2,129618104,16229,13137907,0
2,129619723,27670,31268811,0
2,129620584,26825,28221353,0
2,129621208,26319,40125913,0
2,129622042,25499,21516675,0
2,129622687,24873,13808999,0
2,129623348,24366,14121056,0
2,129623874,23855,53034877,0
2,129624683,23062,45941259,0
2,129625288,22691,57871514,0
2,129625932,22073,27821129,0
2,129627211,20810,57584887,0
2,129627871,20168,49524885,0
2,129628458,19596,22994743,0
2,129629082,19172,58167626,0
2,129629788,18493,41852363,0
2,129630539,17757,32265716,0
2,129631295,17473,31799602,0
2,129631949,17016,28835097,0
2,129632607,16373,8230792,0
2,129633217,16007,27131065,0
2,129634527,28426,4071369,0
2,129635238,27751,43019098,0
2,129635908,27186,12235553,0
2,129636507,26602,55017447,0
2,129637223,25904,37091367,0
2,129637903,25396,41563838,0
2,129638667,24648,23938606,0
2,129639290,24042,42266970,0
2,129639931,23420,56827693,0
2,129640503,23062,15618224,0
2,129641304,22298,62750826,0
2,129641781,21837,7622187,0
2,129642423,21213,12457784,0
2,129642900,20863,3152791,0
2,129643575,20206,48042109,0
2,129644195,19604,35410814,0
2,129644756,19065,32778987,0
2,129645504,18397,54048376,0
2,129646018,32064,51669743,0
2,129646649,31466,34953818,0
2,129649505,28714,9037699,0
2,129650082,28153,24271234,0
2,129650669,27584,41141751,0
2,129651404,26996,953616,0
2,129652273,26143,18773440,0
2,129652984,25449,48981037,0
2,129653629,24830,57551227,0
2,129654409,24066,2091055,0
2,129655292,23561,26587812,0
2,129655915,23090,20669796,0
2,129656489,22532,37234928,0
2,129657095,21944,48764399,0
2,129657613,21444,25817079,0
2,129658263,27741,29092586,0
2,129659059,26962,9805970,0
2,129659589,26540,21813156,0
2,129660263,25882,12388834,0
2,129660835,25329,3049179,0
2,129661602,24779,10498153,0
2,129662339,24058,46724419,0
2,129664564,21851,24609062,0
2,129665169,21301,62533494,0
2,129665836,20649,20053142,0
2,129666633,19871,62772943,0
2,129667372,19148,59920415,0
2,129667969,18762,22955392,0
2,129668645,18100,11603461,0
2,129669341,17422,9343792,0
2,129669908,16875,9204629,0
2,129670511,16292,60882767,0
2,129671256,15562,37490577,0
2,129671944,14892,55186856,0
2,129672759,14094,2563990,0
2,129673492,13393,31309419,0
2,129674141,19835,11516077,0
2,129674873,19119,263296,0
2,129675602,18500,35398612,0
2,129676165,17953,28881380,0
2,129676832,17304,33394697,0
2,129677456,16830,59553945,0
2,129679424,14876,43774800,0
2,129680131,14244,61658159,0
2,129680858,13532,15764717,0
2,129681627,19712,34507267,0
2,129682288,19067,29108599,0
2,129682925,18540,12151767,0
2,129683489,17992,60277369,0
2,129684111,17388,32082115,0
2,129684718,16958,36582400,0
2,129685329,16379,25573965,0
2,129686953,14770,21637551,0
2,129687667,14074,18477241,0
2,129688359,13400,4985017,0
2,129688876,20126,50847203,0
2,129689609,19409,22165342,0
2,129690369,18764,20490611,0
2,129691151,17998,6976365,0
2,129692036,24641,12152997,0
2,129692579,24115,9607412,0
2,129693306,23497,21453454,0
2,129694714,22105,56456563,0
2,129695317,21521,43143020,0
2,129695929,21055,54248692,0
2,129696560,20439,2624094,0
2,129697338,19679,6972683,0
2,129697950,19087,42045135,0
2,129698719,25203,47982972,0
2,129699402,24536,22648246,0
2,129700031,24017,15257861,0
2,129700691,23373,16899177,0
2,129701970,22112,9926074,0
2,129703035,21334,7488372,0
2,129703836,20567,2107776,0
2,129704568,19915,53743936,0
2,129705185,19316,14609088,0
2,129705840,18681,16074250,0
2,129706516,18385,17931069,0
2,129707136,17781,35732444,0
2,129707641,17293,41332837,0
2,129708291,16661,8932481,0
2,129709547,15423,33729452,0
2,129710600,14593,26351462,0
2,129711522,13685,48942297,0
2,129712115,20189,61030326,0
2,129712723,19597,48359897,0
2,129713325,19103,18780619,0
2,129713969,18475,20042595,0
2,129714579,17888,5708618,0
2,129715256,17514,23140390,0
2,129715977,16987,3137876,0
2,129717215,15763,20534157,0
2,129717882,15116,37586982,0
2,129718499,14738,55972952,0
2,129719289,13962,9458267,0
2,129719882,13386,43233952,0
2,129720582,19015,20971720,0
2,129721172,18441,58206824,0
2,129721849,17874,11099119,0
2,129722594,17145,50971498,0
2,129723245,16510,28609425,0
2,129725464,14535,56585599,0
2,129726045,13968,21846502,0
2,129726796,20397,14525087,0
2,129727643,19566,57712641,0
2,129728239,19079,11205715,0
2,129728959,18375,7939130,0
2,129729560,17790,27958094,0
2,129730244,17341,27468269,0
2,129731002,16599,10077828,0
2,129731655,15962,33270197,0
2,129733335,14301,32848011,0
2,129734052,13602,42756029,0
2,129734810,20092,49803297,0
2,129735395,19522,16034914,0
2,129735994,19034,46776202,0
2,129736507,18536,58738927,0
2,129737124,17937,28635816,0
2,129737679,17522,17769479,0
2,129738408,16809,43821558,0
2,129738991,16458,24055831,0
2,129740078,15388,43778893,0
2,129741034,14627,31350969,0
2,129741859,13818,44953476,0
2,129742612,13360,31294112,0
2,129743140,20167,36836143,0
2,129743693,19631,38170189,0
2,129744336,19098,25231375,0
2,129745117,18334,30098538,0
2,129745704,17764,127757,0
2,129746287,17322,13532545,0
2,129747954,15670,50328674,0
2,129748649,15207,26130665,0
2,129749479,14391,34008178,0
2,129750301,13795,40911666,0
2,129750930,20069,16078035,0
2,129751498,19520,611073,0
2,129752101,19024,54679987,0
2,129752773,18368,31284595,0
2,129753391,17766,25424312,0
2,129754043,17310,1820583,0
2,129756220,15147,56915192,0
2,129757061,14352,46287734,0
2,129757686,13741,55360754,0
2,129758315,19866,183249,0
2,129759108,19089,48742224,0
2,129759906,18400,19965365,0
2,129760716,17606,10800971,0
2,129761347,23857,54101940,0
2,129762047,23173,3798906,0
2,129762655,22679,41089193,0
2,129764379,20970,13052520,0
2,129765092,27409,35371169,0
2,129765766,26752,13492723,0
2,129766596,26032,60069250,0
2,129767252,25392,28065570,0
2,129767843,24818,26446974,0
2,129768488,24397,39749721,0
2,129769187,23720,41616631,0
2,129769788,23185,44209623,0
2,129770448,22541,4221698,0
2,129771692,21313,41588753,0
2,129772490,20662,21193172,0
2,129773034,20450,30250478,0
2,129773847,19650,43127856,0
2,129774441,19074,55760867,0
2,129775041,18493,42384506,0
2,129775711,17837,57463569,0
2,129776354,17213,45292007,0
2,129776966,17007,60107144,0
2,129777554,16683,55850308,0
2,129778659,15592,28738156,0
2,129779237,15332,47673571,0
2,129779876,14705,60833283,0
2,129780558,14237,54093901,0
2,129781329,13480,52745178,0
2,129781885,20501,39209623,0
2,129782625,19776,11544438,0
2,129783383,26069,47265103,0
2,129783965,25503,43452375,0
2,129784602,24977,28459723,0
2,129785649,23945,51431010,0
2,129786375,23239,28052980,0
2,129786895,22824,40463925,0
2,129787493,22241,49833340,0
2,129788212,21827,2666361,0
2,129789054,21178,29441871,0
2,129789763,20484,33721977,0
2,129790438,19826,11018254,0
2,129791016,19266,15635544,0
2,129791722,18722,59289250,0
2,129795383,15076,53145068,0
2,129796324,14152,34261123,0
2,129797171,20727,31499380,0
2,129797864,20051,41827082,0
2,129798450,19578,33391141,0
2,129798916,19127,59032874,0
2,129799639,18421,10546691,0
2,129800333,17924,7957916,0
2,129800977,17295,43910560,0
2,129801727,16825,29084692,0
2,129802593,15973,3030486,0
2,129803257,15475,10709641,0
2,129803879,14867,2925099,0
2,129804722,14042,39422591,0
2,129805357,13750,57004723,0
2,129806107,20139,47703149,0
2,129806791,19470,51396608,0
2,129807324,19053,41782422,0
2,129808063,18330,57795022,0
2,129808714,17696,41460016,0
2,129810793,15819,16727680,0
2,129811619,15008,26738789,0
2,129812279,14645,10320364,0
2,129813000,14283,18257533,0
2,129813942,13608,59661383,0
2,129814491,19748,58050015,0
2,129815151,19104,5734680,0
2,129815781,18586,51573985,0
2,129816404,17979,35764816,0
2,129817151,17250,8891591,0
2,129819683,14975,48026428,0
2,129820342,27699,48377054,0
2,129821012,27046,50780600,0
2,129821669,26497,48225831,0
2,129822376,25805,50628343,0
2,129822827,25374,20956341,0
2,129823523,24903,15207159,0
2,129824285,24156,22481051,0
2,129824908,23551,45179618,0
2,129825549,22930,10895024,0
2,129827849,20646,59032588,0
2,129828449,20064,24497780,0
2,129828915,20152,42667937,0
2,129829663,19592,32178021,0
2,129830372,18897,25067883,0
2,129831138,18151,6680286,0
2,129831786,17518,28545641,0
2,129832361,17100,41338148,0
2,129832927,16550,36774441,0
2,129833615,15879,45581924,0
2,129834833,21450,15680539,0
2,129835411,20887,61503150,0
2,129835933,20478,10608016,0
2,129836649,19778,7866068,0
2,129837339,19104,57222283,0
2,129838123,18527,12063098,0
2,129838838,17827,55833251,0
2,129839492,17189,5477262,0
2,129840269,16432,1029672,0
2,129841028,15833,34560624,0
2,129841729,15146,61364522,0
2,129842381,14615,55552557,0
2,129842947,14064,3401474,0
2,129843653,13376,12057036,0
2,129844251,19226,55394755,0
2,129844912,18583,4296851,0
2,129845580,18021,12387248,0
2,129846283,17334,48086670,0
2,129846835,16800,45866327,0
2,129847431,16351,22809629,0
2,129849919,13879,28457280,0
2,129850627,20064,54123071,0
2,129851205,19502,54464873,0
2,129851786,19033,18272987,0
2,129852321,18513,16253342,0
2,129853148,17704,41336810,0
2,129853621,17345,31001310,0
2,129854349,16632,50370025,0
2,129854860,16138,53897636,0
2,129855605,15506,904672,0
2,129857205,13921,9318518,0
2,129857749,13394,17160150,0
2,129858344,19606,12048011,0
2,129858906,19061,44894597,0
2,129859908,18165,8242045,0
2,129860449,17640,33033973,0
2,129861059,17047,7088119,0
2,129861598,16766,34200374,0
2,129862207,16171,6486460,0
2,129862893,15503,23339655,0
2,129863968,14447,53269580,0
2,129864673,13957,53077388,0
2,129865355,20446,61442944,0
2,129866029,19789,20828085,0
2,129866792,19133,52189711,0
2,129867510,18431,52021705,0
2,129868047,17912,49165232,0
2,129868726,17459,21880027,0
2,129869396,16803,18595782,0
2,129869986,16233,38405990,0
2,129871498,14736,10121513,0
2,129872121,14131,46977742,0
2,129872638,14169,30175451,0
2,129873292,13708,30880918,0
2,129874154,20475,12077864,0
2,129874670,19974,8662032,0
2,129875393,19365,47865105,0
2,129876059,18714,33757040,0
2,129876701,18089,57390128,0
2,129877347,17650,57034973,0
2,129878693,16319,7216951,0
2,129879671,15360,17286098,0
2,129880473,14590,4633438,0
2,129881032,14046,41242365,0
2,129881687,13815,6383516,0
2,129882234,13602,42521269,0
2,129883011,20135,12953899,0
2,129883763,19398,4864549,0
2,129884418,18857,26481295,0
2,129885113,18177,28817667,0
2,129887378,15929,24585371,0
2,129888130,15328,51626209,0
2,129888793,14679,3136668,0
2,129889469,14038,21828753,0
2,129890065,13459,13175899,0
2,129890987,20139,52332815,0
2,129891837,19306,10061037,0
2,129892479,18775,678896,0
2,129893236,18033,11448806,0
2,129893984,17301,14109330,0
2,129896131,15305,52091871,0
2,129897104,14346,8890564,0
2,129897709,28148,23259331,0
2,129898335,27538,17450185,0
2,129898997,26991,59838957,0
2,129899569,26434,34889545,0
2,129900316,25704,40474947,0
2,129901005,25232,61525820,0
2,129901755,24654,16581846,0
2,129902483,24123,37035356,0
2,129903728,22894,47486118,0
2,129904500,22140,39628754,0
2,129905239,21419,4670786,0
2,129906289,20540,7778569,0
2,129907019,19835,24470764,0
2,129907591,19278,30985891,0
2,129908289,18599,40698816,0
2,129908953,18232,1092030,0
2,129909827,17374,25615465,0
2,129910424,16795,6060302,0
2,129911755,15481,31587115,0
2,129912460,15088,32073800,0
2,129913123,14441,39017857,0
2,129913844,13743,53567021,0
2,129914487,20337,44042692,0
2,129915153,19686,23545877,0
2,129915974,18975,24614118,0
2,129916723,18241,39151976,0
2,129917339,17644,50183328,0
2,129917988,17320,49628806,0
2,129918909,16412,23178623,0
2,129919453,15886,26900426,0
2,129920188,15170,42287308,0
2,129920842,14769,55251313,0
2,129921481,14145,49254221,0
2,129922310,13332,45767403,0
2,129922923,19896,61031709,0
2,129923526,19310,39763227,0
2,129924332,18612,27659573,0
2,129925167,17793,44970956,0
2,129927907,15072,42675501,0
2,129928645,14560,24436660,0
2,129929312,13908,9457727,0
2,129929949,20451,52672264,0
2,129930679,19738,20767698,0
2,129931268,19258,26087359,0
2,129931999,18542,4827085,0
2,129932715,17843,44938832,0
2,129933400,17284,47092994,0
2,129934076,16645,25541961,0
2,129935828,14910,11574959,0
2,129936383,14372,19145575,0
2,129936960,13813,17508020,0
2,129937582,13337,16673451,0
2,129938459,19705,7433243,0
2,129939229,18951,36157267,0
2,129939973,18317,55704986,0
2,129940641,17664,35408420,0
2,129941328,16996,30393878,0
2,129941894,29560,3327502,0
2,129943785,27686,56874895,0
2,129944491,27088,9950700,0
2,129945279,26315,34588333,0
2,129945958,25655,28256740,0
2,129946652,25155,26456604,0
2,129947267,24556,62290417,0
2,129947952,23889,25437668,0
2,129948509,23348,38762663,0
2,129949119,22756,47632592,0
2,129949796,22345,21776704,0
2,129951088,21246,1051696,0
2,129951873,20473,34810313,0
2,129952945,19419,7652221,0
2,129953667,18716,7167723,0
2,129954480,17929,29652827,0
2,129955149,17276,12365257,0
2,129955731,16830,60294710,0
2,129956307,16354,47384805,0
2,129956903,15774,30150240,0
2,129957531,15163,32479845,0
2,129958553,14160,12927152,0
2,129959195,13724,41503392,0
2,129959893,20266,39111804,0
2,129960545,19631,46351344,0
2,129961158,19131,50157972,0
2,129961775,18529,14261920,0
2,129962464,17856,10223320,0
2,129963024,17457,6876277,0
2,129963769,16728,56864780,0
2,129964385,16199,25736464,0
2,129965133,15466,8373868,0
2,129965700,14916,61981014,0
2,129966375,14260,27112911,0
2,129967027,13954,51230073,0
2,129967707,20006,4393406,0
2,129968360,19369,1788846,0
2,129969034,18807,5369369,0
2,129969680,18177,41324974,0
2,129970259,17616,35408224,0
2,129970809,17266,46028172,0
2,129973332,14758,35276338,0
2,129974171,14055,16303612,0
2,129974918,19984,34021291,0
2,129975419,19500,55669452,0
2,129976236,18789,33051127,0
2,129976915,18126,50000223,0
2,129977591,17467,48545639,0
2,129978271,17017,13811404,0
2,129978874,16430,58508449,0
2,129979454,15867,5917541,0
2,129981045,14294,3263305,0
2,129981843,13514,12352355,0
2,129982438,19562,37901567,0
2,129983005,19013,52041471,0
2,129983644,18481,18575434,0
2,129984172,17968,42406533,0
2,129984813,17346,6426754,0
2,129985460,16810,57748211,0
2,129986139,16146,2346277,0
2,129987083,15220,47533037,0
2,129988664,13657,56717930,0
2,129989133,13352,24759066,0
2,129989742,19527,17118239,0
2,129990307,18978,53368720,0
2,129991095,18302,15576319,0
2,129991622,17790,58952628,0
2,129992287,17144,52229370,0
2,129992944,16718,21369369,0
2,129993644,16205,54090841,0
2,129994231,15842,34063597,0
2,129995532,14557,30783395,0
2,129996201,13905,52096533,0
2,129996818,20124,18332549,0
2,129997591,19368,62351436,0
2,129998241,18833,17941037,0
2,129998855,18234,29727503,0
2,129999394,17712,54046498,0
2,130000025,17214,5179599,0
2,130000711,16543,24665507,0
2,130001349,15922,50472773,0
2,130002758,14731,51610724,0
2,130003457,14079,17494633,0
2,130004055,13497,8478528,0
2,130004748,19582,53336903,0
2,130005364,18983,8778834,0
2,130006009,18445,1144715,0
2,130006731,17738,46365925,0
2,130007356,17131,2798468,0
2,130008083,16607,33281849,0
2,130008611,16105,50790681,0
2,130010341,14420,20044470,0
2,130011120,13662,32478061,0
2,130011728,20221,24087459,0
2,130012408,19557,32136317,0
2,130013163,18914,51217257,0
2,130013674,18419,55877343,0
2,130014301,17808,14678763,0
2,130014949,17310,1155235,0
2,130015686,16588,8557460,0
2,130016363,16152,62737216,0
2,130018275,14255,18374629,0
2,130018795,13752,24571275,0
2,130019607,20270,25354050,0
2,130020129,19764,57131151,0
2,130020568,19436,31696342,0
2,130021116,18903,50623006,0
2,130021660,18379,22910502,0
2,130022325,17896,55681072,0
2,130022949,17288,30187656,0
2,130023441,16815,2599241,0
2,130025134,15137,21361306,0
2,130025866,14423,21703287,0
2,130026490,14305,58468312,0
2,130027246,20394,37055888,0
2,130027869,19789,30561118,0
2,130028549,19221,35017696,0
2,130029176,18609,29472281,0
2,130029864,17938,1601087,0
2,130030645,17332,14595444,0
2,130031342,16648,9096694,0
2,130033222,15102,60785106,0
2,130034085,14486,39680781,0
2,130034703,13882,4506512,0
2,130035416,20256,27782407,0
2,130036033,19656,22063217,0
2,130036710,19089,9578005,0
2,130037389,18426,11903610,0
2,130037991,17842,26722014,0
2,130038608,17375,14365266,0
2,130039259,16740,61516569,0
2,130041243,14779,11574019,0
2,130041835,14204,15682780,0
2,130042396,13658,62911368,0
2,130043036,20357,3473581,0
2,130043545,19864,33104079,0
2,130044122,19397,43041237,0
2,130044845,18690,10472546,0
2,130045545,18008,58297270,0
2,130046278,17421,1981383,0
2,130047007,16707,5445980,0
2,130048792,14942,23553387,0
2,130049539,14210,19471052,0
2,130050257,13510,36979798,0
2,130050889,20784,2708769,0
2,130051483,20206,48017350,0
2,130051955,19843,939225,0
2,130052795,19019,46226419,0
2,130053543,18288,1311523,0
2,130054244,17793,30406666,0
2,130054887,17165,23633781,0
2,130056611,23169,7707328,0
2,130057255,22541,10634713,0
2,130058101,21809,25171153,0
2,130058824,21102,21859674,0
2,130059458,20486,11770199,0
2,130060235,19964,60859696,0
2,130060968,19247,32081867,0
2,130061566,18667,37348290,0
2,130062219,18030,35474721,0
2,130062868,17397,58056763,0
2,130064548,15866,6867378,0
2,130065112,15506,49868549,0
2,130065531,15356,46544657,0
2,130066144,14757,13299561,0
2,130066915,14300,1819487,0
2,130067789,13652,40375663,0
2,130068556,20000,13378438,0
2,130069476,19094,25496981,0
2,130070282,18401,33354793,0
2,130070948,17751,3696914,0
2,130072223,16493,51708442,0
2,130072943,16023,17913124,0
2,130073721,15437,28428240,0
2,130074564,14609,32354808,0
2,130075254,13936,21452981,0
2,130075914,20835,34727314,0
2,130076706,20059,48268881,0
